-6.333333333333333   45.06435470283897
-5.666666666666666   32.54528466951579
-4.999999999999999   25.74915003835397
-4.333333333333332   19.16394737311702
-3.6666666666666656   14.541462687843675
-2.999999999999999   9.920613215799458
-2.3333333333333326   9.072379923005244
-1.666666666666666   7.226727797960028
-0.9999999999999994   4.255586986559415
-0.3333333333333328   2.6610674182380207
0.3333333333333338   1.429460476882546
1.0000000000000004   1.5347558212115537
1.666666666666667   6.092633089362794
2.3333333333333335   6.301282993978313
3.0   11.140026837123852
3.6666666666666665   14.013944519892533
4.333333333333333   22.855987003376086
5.0   25.13698604238374
5.666666666666667   37.28621649507815
6.333333333333334   43.269450359902265