-0.6   -0.07347288631811394
-0.19999999999999996   -0.36632374706432547
0.20000000000000007   0.6621295931929234
0.6000000000000001   0.4687546115136288
1.0   1.4222174944548145
1.4   1.4874384796436648
1.7999999999999998   1.1847354275017277
2.1999999999999997   0.6655998100065594
2.5999999999999996   0.49120303657146686
2.9999999999999996   0.489900122270205
3.3999999999999995   -0.11729869587253788
3.7999999999999994   -0.045413184779790894
4.199999999999999   -0.7250125958380347
4.6   -0.4521765826009992
5.0   -1.1767877236334316
5.4   -0.93852632124575
5.800000000000001   -0.5108943283135956
6.200000000000001   0.1766612240617101
6.600000000000001   0.24410963222937837
7.000000000000002   0.7997933279390388
7.400000000000002   0.8491004487204907
7.8000000000000025   1.077594798952543
8.200000000000003   0.6947546783658642
8.600000000000003   0.5976277926534412
9.000000000000004   0.5624246347083997
9.400000000000004   0.5431871536841522
9.800000000000004   0.13165640570457243
10.200000000000005   -0.7695394207698711
10.600000000000005   -0.6619861232550339
11.000000000000005   -0.5331864324585975
11.400000000000006   -0.6922834486998193
11.800000000000006   -0.5610591427867408
12.200000000000006   -0.24568935725608543
12.600000000000007   0.42278128915828733
13.000000000000007   0.9276656236577663
13.400000000000007   1.1648267114471855
13.800000000000008   0.9782525373996418
14.200000000000008   0.8158677118940008
14.600000000000009   1.45278364129289
15.000000000000009   1.139344485338533